# Live2D Animator Motion Data
$fps=30

$fadein=0

$fadeout=0

PARAM_ANGLE_Y=0,-3.93,-10.23,-16.1,-20.35,-22,-18.07,-11.77,-5.9,-1.65,0,0,0,0,0,0,0,0,0,0,0,0,0,0,-0.38,-1.39,-2.86,-4.6,-6.4,-8.14,-9.61,-10.62,-11,-10.28,-8.72,-6.78,-4.76,-2.92,-1.39,-0.38,0,-0.52,-1.66,-3.07,-4.54,-5.88,-6.99,-7.72,-8,-6.06,-2.89,-0.71,0,0,0,0,0,0,0,0,0,0,0,0,0,0,0,0,0,0,0,0,0,0,0,0,0,0,0,0,0,0,0,0,0,0,0,0,0,0,0,0,0,0,0,0,0,0,0,0,0,0,0,0,0,0,0,0,0,0
PARAM_MOUTH_OPEN_Y=0,0.61,1,0.87,0.52,0.28,0.05,0.045,0.042,0.04,0.038,0.035,0.033,0.031,0.028,0.026,0.024,0.021,0.019,0.016,0.014,0.012,0.009,0.007,0.005,0.002,0,0.49,0.97,0.94,0.9,0.6,0.31,0.19,0.07,0.63,1,1,1,0.94,0.75,0.57,0.38,0.47,0.56,0.65,0.75,0.67,0.6,0.32,0.03,0.029,0.026,0.024,0.021,0.018,0.016,0.013,0.01,0.008,0.005,0.003,0,0.4,0.81,1,1,0.88,0.14,0.54,0.94,0.51,0.07,0.25,0.42,0.51,0.6,0.43,0.27,0.53,0.8,0.56,0.32,0.16,0,0,0,0,0,0,0,0,0,0,0,0,0,0,0,0,0,0,0,0,0,0,0,0,0,0
PARAM_CHEEK=0,0.006,0.025,0.05,0.09,0.14,0.19,0.24,0.3,0.36,0.43,0.49,0.56,0.62,0.68,0.74,0.79,0.84,0.89,0.93,0.96,0.98,0.995,1,1,1,1,1,1,1,1,1,1,1,1,1,1,1,1,1,1,1,1,1,1,1,1,1,1,1,1,1,1,1,1,1,1,1,1,1,1,1,1,1,1,1,1,1,1,1,1,1,1,1,1,1,1,1,1,1,1,1,1,1,1,1,1,1,1,1,1,1,1,1,1,1,1,0.98,0.93,0.85,0.75,0.63,0.51,0.4,0.29,0.19,0.11,0.05,0.01,0
LAYOUT:X=2000
LAYOUT:Y=3000