# Live2D Animator Motion Data
$fps=30

$fadein=0

$fadeout=0

PARAM_ANGLE_X=0,-0.6,-2.06,-4,-5.94,-7.4,-8,-8,-8,-8,-8,-8,-8,-8,-8,-8,-8,-8,-8,-8,-8,-8,-8,-8,-8,-8,-8,-8,-8,-8,-8,-8,-8,-8,-8,-8,-8,-8,-8,-8,-8,-8,-8,-8,-8,-8,-8,-8,-8,-8,-8,-8,-8,-8,-8,-8,-8,-8,-8,-8,-8,-8,-8,-8,-8,-8,-8,-8,-8,-8,-8,-8,-8,-8,-8,-8,-8,-8,-8,-8,-8,-8,-8,-8,-8,-8,-8,-8,-8,-8,-8,-8,-8,-8,-8,-8,-8,-8,-8,-8,-7.72,-7,-5.96,-4.77,-3.53,-2.38,-1.39,-0.64,-0.17,0
PARAM_ANGLE_Y=0,-0.82,-2.91,-5.95,-9.45,-12.89,-16,-18.73,-20.6,-21.78,-22.47,-22.82,-22.97,-23,-21.57,-19.28,-17.14,-15.6,-15,-15,-15,-15,-15,-15,-15,-15,-15,-15,-15,-15,-15,-15,-15.89,-17.32,-18.66,-19.62,-20,-19.55,-18.45,-17,-15.55,-14.45,-14,-14,-14,-14,-14,-14,-14,-14,-14,-14,-14,-14,-14,-14.1,-14.39,-14.83,-15.4,-16.08,-16.82,-17.6,-18.4,-19.18,-19.92,-20.6,-21.17,-21.61,-21.9,-22,-21.77,-21.18,-20.31,-19.23,-18.04,-16.79,-15.53,-14.3,-13.15,-12.12,-11.26,-10.59,-10.15,-10,-10.08,-10.29,-10.62,-11.05,-11.54,-12.08,-12.64,-13.21,-13.77,-14.3,-14.77,-15.19,-15.53,-15.79,-15.95,-16,-15.45,-14.01,-11.92,-9.54,-7.06,-4.76,-2.79,-1.28,-0.33,0
PARAM_ANGLE_Z=0,-1.13,-3.86,-7.5,-11.14,-13.87,-15,-15,-15,-15,-15,-15,-15,-15,-15,-15,-15,-15,-15,-15,-15,-15,-15,-15,-15,-15,-15,-15,-15,-15,-15,-15,-15,-15,-15,-15,-15,-15,-15,-15,-15,-15,-15,-15,-15,-15,-15,-15,-15,-15,-15,-15,-15,-15,-15,-15,-15,-15,-15,-15,-15,-15,-15,-15,-15,-15,-15,-15,-15,-15,-15,-15,-15,-15,-15,-15,-15,-15,-15,-15,-15,-15,-15,-15,-15,-15,-15,-15,-15,-15,-15,-15,-15,-15,-15,-15,-15,-15,-15,-15,-14.48,-13.13,-11.18,-8.94,-6.62,-4.46,-2.61,-1.2,-0.31,0
PARAM_EYE_BALL_X=0,0.01,0.03,0.07,0.1,0.12,0.13,0.13,0.13,0.13,0.13,0.13,0.13,0.13,0.13,0.13,0.13,0.13,0.13,0.13,0.13,0.13,0.13,0.13,0.13,0.13,0.13,0.13,0.13,0.129,0.129,0.129,0.129,0.129,0.129,0.129,0.129,0.129,0.129,0.129,0.129,0.129,0.129,0.129,0.129,0.128,0.128,0.128,0.128,0.128,0.128,0.128,0.128,0.128,0.128,0.128,0.127,0.127,0.127,0.127,0.127,0.127,0.127,0.127,0.126,0.126,0.126,0.126,0.126,0.126,0.126,0.125,0.125,0.125,0.125,0.125,0.125,0.124,0.124,0.124,0.124,0.124,0.124,0.123,0.123,0.123,0.123,0.123,0.122,0.122,0.122,0.122,0.122,0.121,0.121,0.121,0.121,0.12,0.12,0.12,0.116,0.105,0.089,0.071,0.053,0.035,0.021,0.01,0.002,0
PARAM_EYE_BALL_Y=0,0.015,0.05,0.1,0.15,0.18,0.2,0.2,0.2,0.2,0.2,0.2,0.2,0.2,0.2,0.2,0.2,0.2,0.2,0.2,0.2,0.2,0.2,0.2,0.2,0.2,0.2,0.2,0.2,0.199,0.199,0.199,0.199,0.199,0.199,0.199,0.199,0.199,0.199,0.199,0.199,0.199,0.199,0.199,0.199,0.198,0.198,0.198,0.198,0.198,0.198,0.198,0.198,0.198,0.198,0.198,0.197,0.197,0.197,0.197,0.197,0.197,0.197,0.197,0.196,0.196,0.196,0.196,0.196,0.196,0.196,0.195,0.195,0.195,0.195,0.195,0.195,0.194,0.194,0.194,0.194,0.194,0.194,0.193,0.193,0.193,0.193,0.193,0.192,0.192,0.192,0.192,0.192,0.191,0.191,0.191,0.191,0.19,0.19,0.19,0.183,0.166,0.14,0.11,0.08,0.06,0.03,0.015,0.004,0
PARAM_MOUTH_OPEN_Y=0,0,0,0,0,0,0,0,0,0.09,0.17,0.7,1,0.65,0.06,0.35,0.64,1,1,1,1,1,1,1,0.79,0.89,0.98,0.73,0.48,0.75,1,1,1,1,0.94,0.47,0,0.18,0.35,0.53,0.71,0.35,0,0,0,0.92,1,1,1,1,1,1,1,1,1,1,1,0.67,0.04,0.71,1,0.98,0.57,0.87,1,0.81,0.46,0.72,0.97,0.79,0.61,0.58,0.54,0.27,0,0.36,0.73,0.96,1,0.59,0,0,0,0,0,0,0,0,0,0,0,0,0,0,0,0,0,0,0,0,0,0,0,0,0,0,0,0,0,0
PARAM_shouzishib=0,0.08,0.26,0.5,0.74,0.92,1,1,1,1,1,1,1,1,1,1,1,1,1,1,1,1,1,1,1,1,1,1,1,1,1,1,1,1,1,1,1,1,1,1,1,1,1,1,1,1,1,1,1,1,1,1,1,1,1,1,1,1,1,1,1,1,1,1,1,1,1,1,1,1,1,1,1,1,1,1,1,1,1,1,1,1,1,1,1,1,1,1,1,1,1,1,1,1,1,1,1,1,1,1,0.97,0.88,0.75,0.6,0.44,0.3,0.17,0.08,0.02,0
LAYOUT:X=2000
LAYOUT:Y=3000